111111111111111111111111111111111111111111111100111111111100111111111111111100111111111001111101111111110011011111100111111111010010111111000011111101111110111
111111111111111111111111111111111111111111111100111111111100111111111111111100111111111001111101111111110011111111100111111111010000010000000011111101111110111
111111111111111111111111111111111111111111111100111111111100111111111111111100111111111001111101111111110011111111100111111111010000010000000011111101111110111
111111111111111111111111111111111111111111111100111111111100111111111111111100111111111001111101111111110011011111100111111111010000010000000011111101111110111
111111111111111111111111111111111111111111111100111111111100111111111111111100111111111001111101111111110011111111100111111111010000010000000011111101111110111
111111111111111111111111111111111111111111111100111111111100111111111111111100111111111001111101111111110011111111100111111111010000010000000011111101111110111
111111111111111111111111111111111111111111111100111111111100111111111111111100111111111001111101111111110011111111100111111111010000010000000011111101111110111
111111111111111111111111111111111111111111111100111111111100111111111111111100111111111001111101111111110011111111100111111111010000011000000011111101111110111
111111111111111111111111111111111111111111111100111111111100111111111111111100111111111001111101111111110011111111100111111111010000011000000011111101111110111
111111111111111111111111111111111111111111111100111111111100111111111111111100111111111001111101111111110011111111100111111111010000011000000011111101111110111
111111111111111111111111111111111111111111111100111111111100111111111111111100111111111001111101111111110011111111100111111111010000011000000011111101111110111
111111111111111111111111111111111111111111111100111111111100111111111111111100111111111001111101111111110011111111100111111111010000011000000011111101111110111
111111111111111111111111111111111111111111111100111111111100111111111111111100111111111001111101111111110011111111100111111111010000011000000011111101111110111
111111111111111111111111111111111111111111111100111111111100111111111111111100111111111001111101111111110011111111100111111111010000011000000011111101111110111
111111111111111111111111111111111111111111111100111111111100111111111111111100111111111001111101111111110011111111100111111111010000011000000011111101111110111
111111111111111111111111111111111111111111111100111111111100111111111111111100111111111001111101111111110011111111100111111111010000011000000011111101111110111
111111111111111111111111111111111111111111111100111111111100111111111111111100111111111001111101111111110011111111100111111111010000011000000011111101111110111
111111111111111111111111111111111111111111111100111111111100111111111111111100111111111001111101111111110011011111100111111111010000000000000011111101111110111
111111111111111111111111111111111111111111111100111111111100111111111111111100111111111001111101111111110011011111100111111111010000000000000011111101111111111
011111111000000000000000000000000000000000000000000000000000000000000000000000000000000000000000000000000000000000000000000000000000000000000011111101111111111
011111111000000000000000000000000000000000000000000000000000000000000000000000000000000000000000000000000000000000000000000000000000000000000011111101111111111
011111111000000000000000000000000000000000000000000000000000000000000000000000000000000000000000000000000000000000000000000000000000000000000011111101111111111
011111111000000000000000000000000000000000000000000000000000000000000000000000000000000000000000000000000000000000000000000000000000000000000011111101111111111
011111111000000000000000000000000000000000000000000000000000000000000000000000000000000000000000000000000000000000000000000000000000000000000011111101111111111
011111111000000000000000000000000000000000000000000000000000000000000000000000000000000000000000000000000000000000000000000000000000000000000011111101111111111
011111111000000000000000000000000000000000000000000000000000000000000000000000000000000000000000000000000000000000000000000000000000000000000011111101111111111
011111111000000000000000000000000000000000000000000000000000000000000000000000000000000000000000000000000000000000000000000000000000000000000011111101111111111
011111111000000000000000000000000000000000000000000000000000000000000000000000000000000000000000000000000000000000000000000000000010000000000011111101111110111
011111111000000000000000000000000000000000000000000000000000000000000000000000000000000000000000000000000000000000000000000000000010000000000011111101111110111
011111111000000000000000000000000000000000000000000000000000000000000000000000000000000000000000000000000000000000000000000000000010000000000011111101111110111
011111111000000000000000000000000000000000000000000000000000000000000000000000000000000000000000000000000000000000000000000000000010000000000011111101111110111
011111111000000000000000000000000000000000000000000000000000000000000000000000000000000000000000000000000000000000000000000000000010000000000011111101111110111
011111111000000000000000000000000000000000000000000000000000000000000000000000000000000000000000000000000000000000000000000000000010000000000011111101111110111
111111111111111111111111111111111111111111111100111111111100111111111111111100111111111001111101111111110011011111100111111111010000000000000011111101111111111
111111111111111111111111111111111111111111111100111111111100111111111111111100111111111001111101111111110011011111100111111111010010000000000011111101111111111
011111111000000000000000000000000000000000000000000000000000000000000000000000000000000000000000000000000000000000000000000000000010000000000011111101111110111
111111111111111111111111111111111111111111111100111111111100111111111111111100111111111001111101111111110011011111100111111111010010000000000011111101111110111
111111111111111111111111111111111111111111111100111111111100111111111111111100111111111001111101111111110011011111100111111111010010000000000011111101111110111
111111111111111111111111111111111111111111111100111111111100111111111111111100111111111001111101111111110011011111100111111111010010000000000011111101111110111
111111111111111111111111111111111111111111111100111111111100111111111111111100111111111001111101111111110011011111100111111111010010000000000011111101111110111
111111111111111111111111111111111111111111111100111111111100111111111111111100111111111001111101111111110011011111100111111111010010000000000011111101111110111
111111111111111111111111111111111111111111111100111111111100111111111111111100111111111001111101111111110011011111100111111111010010000000000011111101111110111
111111111111111111111111111111111111111111111100111111111100111111111111111100111111111001111101111111110011011111100111111111010010000000000011111101111110111
111111111111111111111111111111111111111111111100111111111100111111111111111100111111111001111101111111110011011111100111111111010010000000000011111101111110111
111111111111111111111111111111111111111111111100111111111100111111111111111100111111111001111101111111110011011111100111111111010010000000000011111101111110111
011111111000000000000000000000000000000000000000000000000000000000000000000000000000000000000000000000000000000000000000000000000000000000000011111101111111111
011111111000000000000000000000000000000000000000000000000000000000000000000000000000000000000000000000000000000000000000000000000000000000000011111101111111111
111111111111111111111111111111111111111111111100111111111100111111111111111100111111111001111101111111110011011111100111111111010000000000000011111101111111111
111111111111111111111111111111111111111111111100111111111100111111111111111100111111111001111101111111110011011111100111111111010000000000000011111101111111111
111111111111111111111111111111111111111111111100111111111100111111111111111100111111111001111101111111110011011111100111111111010000000000000011111101111111111
111111111111111111111111111111111111111111111100111111111100111111111111111100111111111001111101111111110011011111100111111111010000000000000011111101111110111
111111111111111111111111111111111111111111111100111111111100111111111111111100111111111001111101111111110011011111100111111111010000000000000011111101111110111
111111111111111111111111111111111111111111111100111111111100111111111111111100111111111001111101111111110011111111100111111111010000010000000011111101111110111
111111111111111111111111111111111111111111111100111111111100111111111111111100111111111001111101111111110011011111100111111111010000000000000011111101111111111
111111111111111111111111111111111111111111111100111111111100111111111111111100111111111001111101111111110011011111100111111111010000000000000011111101111111111
111111111111111111111111111111111111111111111100111111111100111111111111111100111111111001111101111111110011011111101111111111010000000000000011111101111111111
111111111111111111111111111111111111111111111100111111111100111111111111111100111111111001111101111111110011011111101111111111010000000000000011111101111111111
111111111111111111111111111111111111111111111100111111111100111111111111111100111111111001111101111111110011011111101111111111010000000000000011111101111111111
111111111111111111111111111111111111111111111100111111111100111111111111111100111111111001111101111111110011011111101111111111010000000000000011111101111111111
111111111111111111111111111111111111111111111100111111111100111111111111111100111111111001111101111111110011011111100111111111010000000000000011111101111111111
111111111111111111111111111111111111111111111100111111111100111111111111111100111111111001111101111111110011011111100111111111010000000000000011111101111111111
011111111000000000000000000000000000000000000000000000000000000000000000000000000000000000000000000000000000000000000000000000000000000000000011111101111111111
011111111000000000000000000000000000000000000000000000000000000000000000000000000000000000000000000000000000000000000000000000000000000000000011111101111110111
111111111111111111111111111111111111111111111100111111111100111111111111111100111111111001111101111111110011011111100111111111010000000000000011111101111110111
111111111111111111111111111111111111111111111100111111111100111111111111111100111111111001111101111111110011011111100111111111010000000000000011111101111110111
111111111111111111111111111111111111111111111100111111111100111111111111111100111111111001111101111111110011011111100111111111010000000000000011111101111110111
111111111111111111111111111111111111111111111100111111111100111111111111111100111111111001111101111111110011011111100111111111010000000000000011111101111110111
111111111111111111111111111111111111111111111100111111111100111111111111111100111111111001111101111111110011011111100111111111010000000000000011111101111110111
111111111111111111111111111111111111111111111100111111111100111111111111111100111111111001111101111111110011011111100111111111010000000000000011111101111110111
111111111111111111111111111111111111111111111100111111111100111111111111111100111111111001111101111111110011011111100111111111010000000000000011111101111110111
111111111111111111111111111111111111111111111100111111111100111111111111111100111111111001111101111111110011011111100111111111010000000000000011111101111111111
111111111111111111111111111111111111111111111100111111111100111111111111111100111111111001111101111111110011011111100111111111010000000000000011111101111111111
111111111111111111111111111111111111111111111100111111111100111111111111111110111111111001111101111111110011011111100111111111010000000000000011111101111111111
111111111111111111111111111111111111111111111100111111111100111111111111111100111111111001111101111111110011011111100111111111010000000000000011111101111111111
111111111111111111111111111111111111111111111100111111111100111111111111111100111111111001111101111111110011011111100111111111010000000000000011111101111111111
111111111111111111111111111111111111111111111100111111111100111111111111111100111111111001111101111111110011011111100111111111010000000000000011111101111111111
111111111111111111111111111111111111111111111100111111111100111111111111111100111111111001111101111111110011011111100111111111010000000000000011111101111111111
111111111111111111111111111111111111111111111100111111111100111111111111111100111111111001111101111111110011011111100111111111010000000000000011111101111111111
111111111111111111111111111111111111111111111100111111111100111111111111111100111111111001111101111111110011011111100111111111010000000000000011111101111111111
111111111111111111111111111111111111111111111100111111111100111111111111111100111111111001111101111111110011011111100111111111010000000000000011111101111110111
111111111111111111111111111111111111111111111100111111111100111111111111111100111111111001111101111111110011011111100111111111010000000000000011111101111110111
111111111111111111111111111111111111111111111100111111111100111111111111111100111111111001111101111111110011011111100111111111010000000000000011111101111110111
111111111111111111111111111111111111111111111100111111111100111111111111111100111111111001111101111111110011011111100111111111010000000000000011111101111110111
111111111111111111111111111111111111111111111100111111111100111111111111111100111111111001111101111111110011011111100111111111010000000000000011111101111110111
111111111111111111111111111111111111111111111100111111111100111111111111111100111111111001111101111111110011011111100111111111010000000000000011111101111110111
111111111111111111111111111111111111111111111100111111111100111111111111111100111111111001111101111111110011011111100111111111010000000000000011111101111110111
111111111111111111111111111111111111111111111100111111111100111111111111111100111111111001111101111111110011011111100111111111010000000000000011111101111110111
111111111111111111111111111111111111111111111100111111111100111111111111111100111111111001111101111111110011011111100111111111010000000000000011111101111110111
111111111111111111111111111111111111111111111100111111111100111111111111111100111111111001111101111111110011011111100111111111010000000000000011111101111111111
111111111111111111111111111111111111111111111100111111111100111111111111111100111111111001111101111111110011011111100111111111010000000000000011111101111111111
111111111111111111111111111111111111111111111100111111111100111111111111111100111111111001111101111111110011011111100111111111010000000000000011111101111111111
111111111111111111111111111111111111111111111100111111111100111111111111111100111111111001111101111111110011011111100111111111010000000000000011111101111111111
111111111111111111111111111111111111111111111100111111111100111111111111111100111111111001111101111111110011011111100111111111010000000000000011111101111111111
111111111111111111111111111111111111111111111100111111111100111111111111111100111111111001111101111111110011011111100111111111010000000000000011111101111111111
111111111111111111111111111111111111111111111100111111111100111111111111111100111111111001111101111111110011011111100111111111010000000000000011111101111111111
111111111111111111111111111111111111111111111100111111111100111111111111111100111111111001111101111111110011011111100111111111010000000000000011111101111111111
111111111111111111111111111111111111111111111100111111111100111111111111111100111111111001111101111111110011011111100111111111010000000000000011111101111111111
111111111111111111111111111111111111111111111100111111111100111111111111111100111111111001111101111111110011011111100111111111010000000000000011111101111111111
111111111111111111111111111111111111111111111100111111111100111111111111111100111111111001111101111111110011011111100111111111010000000000000011111101111111111
111111111111111111111111111111111111111111111100111111111100111111111111111100111111111001111101111111110011011111100111111111010000000000000011111101111110111
111111111111111111111111111111111111111111111100111111111100111111111111111100111111111001111101111111110011011111100111111111010000000000000011111101111110111
111111111111111111111111111111111111111111111100111111111100111111111111111100111111111001111101111111110011011111100111111111010000000000000011111101111110111
111111111111111111111111111111111111111111111100111111111100111111111111111100111111111001111101111111110011011111100111111111010000000000000011111101111110111
111111111111111111111111111111111111111111111100111111111100111111111111111100111111111001111101111111110011011111100111111111010000000000000011111101111110111
111111111111111111111111111111111111111111111100111111111100111111111111111100111111111001111101111111110011011111100111111111010000000000000011111101111110111
111111111111111111111111111111111111111111111100111111111100111111111111111100111111111001111101111111110011011111100111111111010000000000000011111101111111111
111111111111111111111111111111111111111111111100111111111100111111111111111100111111111001111101111111110011011111100111111111010000000000000011111101111111111
011111111000000000000000000000000000000000000000000000000000000000000000000000000000000000000000000000000000000000000000000000000010000000000011111101111111111
111111111111111111111111111111111111111111111100111111111100111111111111111100111111111001111101111111110011011111100111111111010000000000000011111101111111111
111111111111111111111111111111111111111111111100111111111100111111111111111100111111111001111101111111110011011111100111111111010000000000000011111101111111111
011111111000000000000000000000000000000000000000000000000000000000000000000000000000000000000000000000000000000000000000000000000010000000000011111101111110111
011111111000000000000000000000000000000000000000000000000000000000000000000000000000000000000000000000000000000000000000000000000010000000000011111101111110111
111111111111111111111111111111111111111111111100111111111100111111111111111100111111111001111101111111110011011111100111111111010010000000000011111101111110111
111111111111111111111111111111111111111111111100111111111100111111111111111100111111111001111101111111110011011111100111111111010000000000000011111101111111111
111111111111111111111111111111111111111111111100111111111100111111111111111100111111111001111101111111110011011111100111111111010000000000000011111101111111111
111111111111111111111111111111111111111111111100111111111100111111111111111100111111111001111101111111110011011111100111111111010000000000000011111101111111111
111111111111111111111111111111111111111111111100111111111100111111111111111100111111111001111101111111110011011111100111111111010000000000000011111101111111111
111111111111111111111111111111111111111111111100111111111100111111111111111100111111111001111101111111110011011111100111111111010000000000000011111101111111111
111111111111111111111111111111111111111111111100111111111100111111111111111100111111111001111101111111110011011111100111111111010000000000000011111101111111111
111111111111111111111111111111111111111111111100111111111100111111111111111100111111111001111101111111110011011111100111111111010000000000000011111101111111111
111111111111111111111111111111111111111111111100111111111100111111111111111100111111111001111101111111110011011111100111111111010000000000000011111101111111111
111111111111111111111111111111111111111111111100111111111100111111111111111100111111111001111101111111110011011111100111111111010000000000000011111101111111111
111111111111111111111111111111111111111111111100111111111100111111111111111100111111111001111101111111110011011111100111111111010000000000000011111101111111111
111111111111111111111111111111111111111111111100111111111100111111111111111100111111111001111101111111110011011111100111111111010000000000000011111101111111111
111111111111111111111111111111111111111111111100111111111100111111111111111100111111111001111101111111110011011111100111111111010000000000000011111101111111111
111111111111111111111111111111111111111111111100111111111100111111111111111100111111111001111101111111110011011111100111111111010000000000000011111101111111111
111111111111111111111111111111111111111111111100111111111100111111111111111100111111111001111101111111110011011111100111111111010000000000000011111101111111111
111111111111111111111111111111111111111111111100111111111100111111111111111100111111111001111101111111110011011111100111111111010000000000000011111101111111111
111111111111111111111111111111111111111111111100111111111100111111111111111100111111111001111101111111110011011111100111111111010000000000000011111101111111111
111111111111111111111111111111111111111111111100111111111100111111111111111100111111111001111101111111110011011111100111111111010000000000000011111101111111111
111111111111111111111111111111111111111111111100111111111100111111111111111100111111111001111101111111110011011111100111111111010000000000000011111101111111111
111111111111111111111111111111111111111111111100111111111100111111111111111100111111111001111101111111110011011111100111111111010000000000000011111101111111111
111111111111111111111111111111111111111111111100111111111100111111111111111100111111111001111101111111110011011111100111111111010000000000000011111101111111111
111111111111111111111111111111111111111111111100111111111100111111111111111110111111111001111101111111110011011111100111111111010000000000000011111101111111111
011111111000000000000000000000000000000000000000000000000000000000000000000000000000000000000000000000000000000000000000000000000000000000000011111101111111111
011111111000000000000000000000000000000000000000000000000000000000000000000000000000000000000000000000000000000000000000000000000000000000000011111101111110111
111111111111111111111111111111111111111111111100111111111100111111111111111100111111111001111101111111110011011111100111111111010000000000000011111101111110111
111111111111111111111111111111111111111111111100111111111100111111111111111100111111111001111101111111110011011111100111111111010000000000000011111101111111111
111111111111111111111111111111111111111111111100111111111100111111111111111100111111111001111101111111110011011111100111111111010000000000000011111101111111111
111111111111111111111111111111111111111111111100111111111100111111111111111100111111111001111101111111110011011111100111111111010000000000000011111101111111111
111111111111111111111111111111111111111111111100111111111100111111111111111100111111111001111101111111110011011111100111111111010000000000000011111101111111111
111111111111111111111111111111111111111111111100111111111100111111111111111100111111111001111101111111110011011111100111111111010000000000000011111101111111111
111111111111111111111111111111111111111111111100111111111100111111111111111100111111111001111101111111110011011111100111111111010000000000000011111101111111111
111111111111111111111111111111111111111111111100111111111100111111111111111100111111111001111101111111110011011111100111111111010000000000000011111101111111111
000000000000000000000000000000000000000000000000000000000000000000000000000000000000000000000000000000000000000000000000000000000000000000000000000000000000000
000000000000000000000000000000000000000000000000000000000000000000000000000000000000000000000000000000000000000000000000000000000000000000000000000000000000000
111111111111111111111111111111111111111111111100111111111100111111111111111100111111111001111101111111110011011111100111111111010000000000000011111101111111111
111111111111111111111111111111111111111111111100111111111100111111111111111100111111111001111101111111110011011111100111111111010000000000000011111101111111111
111111111111111111111111111111111111111111111100111111111100111111111111111100111111111001111101111111110011011111100111111111010000000000000011111101111111111
111111111111111111111111111111111111111111111100111111111100111111111111111100111111111001111101111111110011011111100111111111010000000000000011111101111111111
111111111111111111111111111111111111111111111100111111111100111111111111111100111111111001111101111111110011011111100111111111010000000000000011111101111111111
111111111111111111111111111111111111111111111100111111111100111111111111111100111111111001111101111111110011011111100111111111010000000000000011111101111111111
111111111111111111111111111111111111111111111100111111111100111111111111111100111111111001111101111111110011011111100111111111010000000000000011111101111111111
111111111111111111111111111111111111111111111100111111111100111111111111111100111111111001111101111111110011011111100111111111010000000000000011111101111111111
111111111111111111111111111111111111111111111100111111111100111111111111111100111111111001111101111111110011011111100111111111010000000000000011111101111111111
111111111111111111111111111111111111111111111100111111111100111111111111111110111111111001111101111111110011011111100111111111010000000000000011111101111111111
111111111111111111111111111111111111111111111100111111111100111111111111111100111111111001111101111111110011011111100111111111010000000000000011111101111111111
111111111111111111111111111111111111111111111100111111111100111111111111111100111111111001111101111111110011011111100111111111010000000000000011111101111111111
